#Kinovea Trajectory data export
#T X Y
0:00:00:00 0,00 0,00 
0:00:00:03 -19,00 1,00 
0:00:00:06 -38,00 5,00 
0:00:00:10 -55,00 9,00 
0:00:00:13 -71,00 13,00 
0:00:00:16 -87,00 17,00 
0:00:00:20 -103,00 20,00 
0:00:00:23 -117,00 21,00 
0:00:00:26 -132,00 20,00 
0:00:00:30 -146,00 19,00 
0:00:00:33 -159,00 17,00 
0:00:00:36 -179,00 14,00 
0:00:00:40 -195,00 12,00 
0:00:00:43 -212,00 11,00 
0:00:00:46 -232,00 9,00 
0:00:00:50 -253,00 7,00 
0:00:00:53 -276,00 6,00 
0:00:00:56 -299,00 6,00 
0:00:00:60 -321,00 5,00 
0:00:00:63 -342,00 6,00 
0:00:00:66 -359,00 8,00 
0:00:00:70 -377,00 12,00 
0:00:00:73 -397,00 14,00 
0:00:00:76 -414,00 15,00 
0:00:00:80 -434,00 17,00 
0:00:00:83 -454,00 15,00 
0:00:00:86 -474,00 12,00 
0:00:00:90 -496,00 8,00 
0:00:00:93 -518,00 6,00 


0:00:00:00 0,00 0,00 
0:00:00:03 -16,00 -2,00 
0:00:00:06 -33,00 0,00 
0:00:00:10 -47,00 0,00 
0:00:00:13 -55,00 -1,00 
0:00:00:16 -60,00 -1,00 
0:00:00:20 -61,00 -4,00 
0:00:00:23 -65,00 -2,00 
0:00:00:26 -70,00 -2,00 
0:00:00:30 -76,00 -2,00 
0:00:00:33 -82,00 -4,00 
0:00:00:36 -90,00 -5,00 
0:00:00:40 -99,00 -6,00 
0:00:00:43 -110,00 -7,00 
0:00:00:46 -124,00 -8,00 
0:00:00:50 -141,00 -9,00 
0:00:00:53 -165,00 -10,00 
0:00:00:56 -196,00 -14,00 
0:00:00:60 -232,00 -18,00 
0:00:00:63 -270,00 -19,00 
0:00:00:66 -307,00 -15,00 
0:00:00:70 -344,00 -9,00 
0:00:00:73 -378,00 -3,00 
0:00:00:76 -411,00 4,00 
0:00:00:80 -438,00 8,00 
0:00:00:83 -459,00 8,00 
0:00:00:86 -476,00 4,00 
0:00:00:90 -492,00 0,00 
0:00:00:93 -512,00 -2,00 


0:00:00:00 0,00 0,00 
0:00:00:03 -5,00 -2,00 
0:00:00:06 -7,00 -3,00 
0:00:00:10 -7,00 -3,00 
0:00:00:13 -7,00 -3,00 
0:00:00:16 -7,00 -3,00 
0:00:00:20 -7,00 -3,00 
0:00:00:23 -7,00 -3,00 
0:00:00:26 -7,00 -3,00 
0:00:00:30 -7,00 -2,00 
0:00:00:33 -7,00 -2,00 
0:00:00:36 -7,00 -2,00 
0:00:00:40 -7,00 -1,00 
0:00:00:43 -8,00 4,00 
0:00:00:46 -9,00 8,00 
0:00:00:50 -13,00 15,00 
0:00:00:53 -21,00 23,00 
0:00:00:56 -35,00 35,00 
0:00:00:60 -58,00 50,00 
0:00:00:63 -90,00 60,00 
0:00:00:66 -129,00 59,00 
0:00:00:70 -174,00 50,00 
0:00:00:73 -223,00 36,00 
0:00:00:76 -277,00 20,00 
0:00:00:80 -331,00 5,00 
0:00:00:83 -390,00 -5,00 
0:00:00:86 -445,00 -8,00 
0:00:00:90 -488,00 -5,00 
0:00:00:93 -515,00 -5,00 


0:00:00:00 0,00 0,00 
0:00:00:03 -5,00 -10,00 
0:00:00:06 -7,00 -13,00 
0:00:00:10 -7,00 -13,00 
0:00:00:13 -7,00 -14,00 
0:00:00:16 -7,00 -14,00 
0:00:00:20 -7,00 -14,00 
0:00:00:23 -7,00 -14,00 
0:00:00:26 -7,00 -14,00 
0:00:00:30 -7,00 -14,00 
0:00:00:33 -7,00 -14,00 
0:00:00:36 -7,00 -14,00 
0:00:00:40 -7,00 -14,00 
0:00:00:43 -7,00 -14,00 
0:00:00:46 -8,00 -14,00 
0:00:00:50 -9,00 -13,00 
0:00:00:53 -12,00 -11,00 
0:00:00:56 -19,00 -3,00 
0:00:00:60 -35,00 9,00 
0:00:00:63 -66,00 19,00 
0:00:00:66 -110,00 19,00 
0:00:00:70 -162,00 13,00 
0:00:00:73 -219,00 4,00 
0:00:00:76 -272,00 -11,00 
0:00:00:80 -334,00 -18,00 
0:00:00:83 -394,00 -17,00 
0:00:00:86 -455,00 -8,00 
0:00:00:90 -498,00 1,00 
0:00:00:93 -524,00 1,00 


